137008.1394250202
99591.66654456346
90045.88782715239
86685.73661075182
83102.94123888439
79277.3057137985
76113.011399808
73563.29639185024
71117.58509751415
69223.73003612571
67677.81037161479
66514.66422986561
65637.04552344381
64877.02003334681
64322.75469886823
63983.57397243836
63463.0682377981
63093.42164447757
62833.79340768998
62594.21664056184
62408.51655340542
62261.49923896018
62117.70911858327
62046.542182447454
61957.07151563763
61771.250731040316
61752.42426232821
61624.04209087005
61438.76005140966
61366.25030946847
61186.96655530012
61046.01060403193
60926.567862014956
60772.25477781427
60714.82659344684
60569.2314950485
60403.404983705535
60287.67265814471
60174.85160355194
60101.60908447858
59965.54018984943
59829.07586714329
59810.79038247777
59728.81624835792
59536.35244669564
59557.21827000808
59252.186309493736
59169.919762404
59148.951745023245
59071.069371463214
58902.12274530113
58900.69769982821
58907.863429668556
58890.18223272029
58889.789413020415
58874.52221857316
58865.85767608124
58860.75179681184
58862.70991435934
58845.51712813258
58839.11980219281
58833.94527144806
58830.60410772029
58819.17126237874
58824.71145222817
58813.52733427648
58800.278398469076
58792.37136216653
58790.52681323262
58796.47395728072
58787.8125
58787.49958632276
58760.06885989288
58756.23533498383
58751.180773797496
58749.68200219786
58760.08250808407
58738.58173125505
58727.07852604588
58722.83329438662
58714.06921988682
58710.62229057195
58697.72880772535
58696.95165344584
58681.31757780922
58705.97095101556
58670.74004332558
58665.992752753635
58676.75516622878
58654.14485650768
58646.92999065279
58637.94769035469
58641.68986838117
58625.218320533546
58629.38157462611
58621.36590225849
58599.157639450284
58602.96703529204
58594.875786302546
58585.401178506465
58571.67502652587
58572.01829179719
58571.46379534661
58570.36464227971
58569.86623383185
58568.80438750505
58568.450462939574
58570.07682712712
58567.484236054974
58566.70237027587
58565.603375101055
58565.49481798201
58564.36865273848
58563.72286940431
58564.740431740094
58563.195552495956
58561.92574967159
58560.68289270918
58561.041010888235
58560.62729575081
58560.158533119444
58559.40943941997
58558.18624002122
58558.24631795675
58558.32346402587
58556.11239073868
58556.27324487166
58555.131656729995
58554.9368463268
58552.998967385814
58552.97145942805
58552.15653736358
58551.47464253234
58551.089076394506
58550.194178834885
58549.659145740705
58548.90317426233
58548.576246084274
58548.7979770867
58547.28490993836
58547.22193310429
58546.29062878941
58545.60367193816
58546.11972324677
58544.660083619645
58545.98611497069
58542.824370326394
58542.74188750505
58541.26725444624
58540.98990122272
58539.744391673405
58539.58547961297
58539.49580322858
58539.42376023141
58539.38883450384
58539.343756315684
58539.415597210995
58539.213530087916
58539.33781010004
58539.11156022635
58539.004177824376
58538.94263149252
58538.92044765562
58538.82422190784
58538.86878536783
58538.73879282033
58538.583218598425
58538.610653925825
58538.814659963624
58538.52807005356
58538.42362760206
58538.288443563055
58538.2305824323
58538.44596933104
58538.1513711348
58538.22436148444
58538.089202708165
58538.06110739188
58537.98878334681
58537.939772066995
58537.82556714834
58537.748654759496
58537.67969065784
58537.63536719381
58537.51225558306
58537.51344608933
58537.469315253635
58537.35590137429
58537.269679668556
58537.229414030924
58537.25409572049
58537.12020955436
58537.063687348425
58536.9982821342
58536.93903786883
58536.81179895918
58536.717294235044
58537.16054466451
58536.66173201294
58536.69065152587
136422.86642961804
99274.83402384802
90106.34539523545
86484.55235069725
82915.46979208771
78743.68223903597
75495.2383886166
72732.57992812752
70547.28316996766
68176.75353994039
66568.08669222413
65449.435472665726
64423.89176182296
63534.83469015259
63079.385585084885
62407.3553013844
61983.874333695436
61652.972214152185
61460.76634814571
61292.48030770008
61102.67598966754
60980.956936514754
60719.03430047494
60620.97458569119
60562.688857871864
60432.59847413096
60287.59893201799
60169.71326798706
59982.06886305073
59811.586992219076
59715.750249469485
59580.0201470291
59425.02844267886
59236.76455133387
59179.33154178456
58981.76720076294
58836.31024530113
58654.03430363278
58502.2144869139
58335.42194131467
58242.22281098423
58027.0245395867
57922.178354890864
57800.72545725546
57696.672673933914
57541.69096099434
57578.39170498181
57452.28418047696
57299.664311969485
57247.05945584075
57075.18772104891
57073.276456396525
57061.75444308306
57051.16828137631
57064.33733326597
57044.26349029911
57028.39774277486
57017.874725267786
57030.72421938157
57004.97340465845
56998.58202177648
56990.48320028294
56982.86115918048
56989.72906666835
56969.33311123181
56984.82447453516
56962.05717903699
56958.246068487264
56942.78494151677
56938.606577152386
56934.601859337105
56927.804782235246
56934.12078428153
56912.35456876516
56910.38164409863
56893.90293426637
56893.04221402587
56893.505260964026
56885.808164283546
56876.00514412389
56877.08087232215
56871.61370440077
56851.97702038703
56845.737543894
56841.04649290117
56836.92958960691
56840.5707609135
56826.6858816062
56812.667842436334
56803.23515182902
56799.981034003635
56796.41824664006
56794.49934001111
56783.627561009496
56772.010910342564
56767.722662565684
56758.79312979992
56768.702761848224
56750.620430603274
56742.09317843068
56729.54935390562
56728.35943499899
56725.11659382579
56724.62981255053
56723.39612595998
56724.04315822049
56721.86929693816
56722.14479019301
56721.47325623989
56721.629848865705
56720.16774770109
56720.82719975243
56719.80581642836
56719.3554150667
56717.86804959075
56717.069223044666
56715.96299957053
56715.34442893593
56715.63954186035
56713.81951988177
56713.261693487264
56712.47221099434
56712.5844406831
56711.75555780113
56711.361992850645
56710.28816883084
56710.935741082256
56709.14874696847
56708.708944901984
56707.20297026577
56707.45573969281
56706.55558116916
56706.37777890057
56704.770004926235
56703.93353690885
56704.18149694321
56704.15875732619
56701.95841754244
56702.44785456245
56700.37297740248
56700.34614680174
56700.52747953719
56698.68299060226
56698.39187234741
56698.727819320935
56697.396602794055
56697.31735360246
56696.32034407841
56695.90223954123
56696.57108932902
56692.88265145008
56692.84878359943
56692.80150439571
56692.77500694725
56692.62679681184
56692.58554592765
56692.5935447403
56692.45200080841
56692.42110132882
56692.35498875808
56692.2518315481
56692.33013970291
56692.43302533852
56692.19255254648
56692.00649094331
56691.93400742724
56691.96514374495
56691.83929428557
56691.754894654405
56691.7063775768
56691.64115551738
56691.557359033955
56691.59458051233
56691.43394742825
56691.38285986763
56691.362513894506
56691.30163386722
56691.18212219584
56691.178579097614
56691.05335804871
56691.038396195436
56690.91298883387
56690.90001010509
56690.857619240094
56690.6992945382
56690.65517633387
56690.578810251616
56690.50631884095
56690.51380608327
56690.385774555376
56690.41936451597
56690.27885319826
56690.16287830942
56690.1441965188
56690.217739490705
56690.09117320129
56689.94331674414
56689.86482227668
56689.935428455945
56689.973354132984
135593.8261102971
96405.68973575182
86514.6097855194
82869.86747170574
79617.22984665522
76239.8296218169
73592.66004572554
71007.75475570938
68916.49081068108
67375.63705032336
65988.46633109337
65177.21688687348
64283.89462914309
63690.67217499495
63212.942773595394
62753.618431689574
62456.671467638436
62112.90373635812
61837.824581901776
61773.20832596504
61406.475899353274
61286.83226493027
61186.49904948969
61087.38460931184
61000.92812436843
60860.579088141676
60821.88775767987
60804.101556184316
60600.34426472817
60675.50558937955
60552.07158511015
60499.39698489288
60381.54045510812
60492.04678973828
60311.957157563666
60215.740554895914
60192.098142557596
60143.82922392886
60019.31901146928
59977.088564824175
59944.40409635206
59726.1782506821
59598.89221655214
59431.729581396525
59306.030163702504
59132.772793300326
59017.27268909155
58902.46716792138
58767.092237393896
58599.6672234994
58486.74723057296
58477.250918931895
58468.217818436744
58453.79212244847
58448.90405845796
58436.341255305175
58427.690809417945
58417.451211348016
58409.80861585489
58408.74108857114
58391.58619644301
58389.20601442502
58382.583764905015
58371.32264298706
58366.70145608074
58351.94851770918
58354.778556361154
58336.28588255356
58330.93315638894
58341.02999002122
58320.82884183003
58325.922023418556
58301.03572781932
58285.96244063258
58326.633276702705
58267.67762227162
58265.06155264754
58264.96985524454
58252.017706017585
58245.82024934317
58236.212349055175
58222.822181942196
58221.59119530619
58209.44011153496
58208.57092196342
58194.95806070635
58198.383390385
58182.36292125606
58179.223230977164
58159.43971996261
58177.709525944825
58149.59830360752
58154.02830057599
58131.926043350846
58126.99101594078
58137.316971503635
58102.72796458165
58103.62193057801
58105.724190960995
58091.14399441694
58075.06485890764
58074.63680085388
58073.42696228274
58071.214717436334
58070.89007869341
58071.16819927243
58069.59141003941
58069.718876313666
58067.65829312348
58067.668688737875
58066.81638414511
58066.15455108124
58065.92636545069
58065.251209453316
58064.67325181892
58063.57119037995
58062.328544992924
58062.09850570938
58061.79600659358
58060.28428152789
58059.474402536376
58059.45771018593
58058.24675373889
58057.16744139046
58057.19360726556
58056.63678822252
58055.10146144907
58056.19434462157
58053.554314874695
58053.229404557394
58052.233465541634
58052.328620781125
58051.1230389804
58049.962964834274
58049.830651273245
58048.64993115905
58047.96950788197
58047.18856103476
58046.30489907538
58045.93019907033
58045.65784786783
58045.80444118836
58044.273342764754
58043.27586745907
58042.156379471504
58041.7109832887
58041.76701760812
58039.87097059418
58039.40059114794
58039.028142683914
58037.211925904405
58037.12550841249
58037.003085211196
58037.00008841956
58036.95247764248
58036.82437664208
58036.989714910065
58036.68123957912
58036.60427192805
58036.651557447454
58036.52911214127
58036.507171458165
58036.358408700486
58036.26827127122
58036.23219608933
58036.24735688662
58036.10497928456
58036.071253536786
58035.87853994038
58035.83187020008
58035.752662060426
58035.68225482518
58035.64887643998
58035.552805426436
58035.46435428456
58035.41474143593
58035.3747568462
58035.395585969076
58035.1918546635
58035.12252425222
58035.03564571544
58035.09528786883
58034.952259751415
58034.8749463167
58034.89489124394
58034.66325093472
58034.67067817805
58034.51531079476
58034.48138452405
58034.373755810426
58034.35641610246
58034.23448236661
58034.19032626819
58034.05903268998
58034.028688990504
58033.92127027334
58034.13334933306
58033.86620856912
58033.77309329527
58033.68647685934
135898.57044512936
97694.33594381568
89179.52309961096
85741.57492294867
81917.82313876819
78281.2030871059
75022.9994000101
72387.85586032235
69850.42335918553
68048.52177331751
66486.6764886065
65353.871791632984
64416.94366410671
63566.68627475748
63047.56906515259
62502.56755570432
62164.1975008842
61765.48407500505
61585.36017077607
61322.406891041835
61049.25612305477
60867.11505595695
60801.783296281326
60622.815986257076
60541.34486471807
60333.148364869645
60411.557359033955
60251.045296079224
60171.53922354992
60022.17082343876
59881.581636519804
59722.86873484236
59622.502125227365
59536.04082457558
59693.62644944927
59334.58173125505
59203.073451394506
59158.31470733124
59051.37496526374
58966.45104082458
58787.946847210995
58741.44692931487
58713.70023241714
58635.712683786376
58649.71537426738
58397.907393138645
58288.35553190683
58260.38720189976
58192.48206030214
58133.94913033044
57892.322226151984
57864.84268896524
57852.03468888945
57844.27708480699
57845.001433660065
57829.46187537894
57829.12116322252
57812.66622877931
57801.79817918856
57794.39804592765
57784.44196518796
57791.02953844988
57782.72980876111
57776.70678493836
57763.82901551132
57762.52284382579
57759.69008311439
57735.204703920776
57739.32510926132
57726.61143075485
57716.27008071443
57711.83013654507
57709.98086032235
57703.307507452504
57694.07892551283
57700.05517854436
57682.61644856507
57675.32794816087
57675.72527094281
57673.49676321241
57670.5384467209
57650.33705537591
57652.24574954527
57649.44543565582
57627.463106937146
57627.19042731912
57615.11874115805
57615.447605092966
57604.3084800677
57600.672361307596
57596.515773418556
57591.977200384
57585.93014538703
57578.30750113682
57574.57890182902
57569.188077885
57559.84039005659
57555.85628663096
57548.276187979995
57538.81179895918
57525.679336979585
57524.77933950586
57524.44918401374
57523.9985789713
57523.00403887934
57521.213946923
57520.32613871766
57521.25177154911
57520.12225267785
57519.04108351859
57518.055966425825
57517.93174483377
57516.91792138237
57516.67735069725
57516.24684847413
57516.854947706146
57516.74322642987
57514.80658220493
57513.03676674919
57513.46193853577
57513.07569346201
57511.99039700384
57510.85360562348
57510.83235334984
57510.19644932296
57509.33908586803
57508.51088507983
57508.652807952705
57508.74770109135
57507.19493040117
57505.81618204325
57505.13127147332
57505.279178455945
57504.38652612166
57503.552928582256
57506.06041266673
57502.29909812045
57501.945363025465
57501.11071392482
57500.560207407034
57500.079435504245
57499.33422279204
57498.67792226657
57498.72929403294
57497.01663235146
57496.83668590845
57496.44541039309
57495.492572756666
57496.011958745956
57494.434714783754
57493.2473474131
57493.15749103173
57493.16133728274
57493.09913096201
57493.04450977668
57492.98200977668
57492.83356280316
57492.86608857114
57492.74211802748
57492.70328920776
57492.66110991815
57492.62148532235
57492.45371551637
57492.41919399252
57492.30403066896
57492.48375290522
57492.23628549414
57492.16226253031
57492.1210858554
57492.14425335994
57492.062964202705
57492.02849636217
57491.88130305174
57491.822226151984
57491.76530290016
57491.719293148744
57491.62323792442
57491.77618166431
57491.56093371059
57491.59134688258
57491.4352579325
57491.27405012126
57491.35160355194
57491.21213116411
57491.16998029507
57491.08628170473
57491.07756606204
57490.986133917744
57490.941699929266
57490.92388970291
57490.79999178961
57490.77054807498
57490.68613897029
57490.616265410266
57490.66705613379
57490.62415054062
57490.53820040925
57490.463196935634
57490.303765410266
57490.51171875
137027.96847842564
100030.28694674616
91094.70535443614
87368.30655062651
83615.90421635004
79888.42444232518
76464.16928556992
73973.86644856508
71471.01061034761
69547.94126098929
67973.46169222413
66631.36393176536
65719.00138629244
64966.63136620857
64269.3754105194
63784.56867042239
63312.020911226755
62976.64985221301
62568.26824916633
62362.04669500303
62200.959112267585
61938.332201773446
61917.803007528295
61737.397894351256
61616.69571670372
61476.37698944018
61421.933031654204
61250.147875404204
61186.01641761823
61117.031925778094
60947.29769919664
60762.88594981558
60614.93778420574
60485.929981179266
60395.45995225343
60297.15933205336
60129.89111762328
59985.310106356104
59915.72324676637
59810.486130759906
59696.47140574474
59468.35417087712
59317.15105219281
59179.602876162084
59025.547541304564
59056.673286555175
58823.83018707053
58685.60693083064
58716.17567072555
58524.017484968674
58406.85322352465
58408.22193310429
58391.81652940582
58393.91075939774
58372.38480825586
58366.18901892179
58361.62009587207
58360.55028231104
58354.963946923
58356.30742376971
58335.21978892987
58323.19814824171
58324.18003170473
58314.656300525465
58302.30624747372
58298.72040155113
58309.528407942606
58282.55860322352
58291.56213053254
58275.28382995655
58263.977573009295
58266.57129143088
58266.99998736863
58252.80266963925
58242.40954678658
58230.13465352162
58224.70110398141
58224.348845177345
58215.800206522836
58219.73477604588
58220.10540559317
58205.428187525264
58192.69554302243
58183.8976922494
58184.10944447252
58176.081680729585
58178.67396233327
58166.635502981
58174.28718989996
58151.24699689268
58145.745130608324
58156.51541342462
58136.0607821342
58118.637271372274
58129.76217347918
58118.33127968371
58106.200352415115
58103.913541456146
58102.85115829628
58091.611547594985
58076.540262479786
58075.74463166936
58075.32104511924
58074.97514462914
58075.51129244139
58073.62511999798
58073.4945969331
58073.303376995755
58071.872726354086
58072.12669576091
58071.75695040925
58070.542570861966
58069.673529708976
58068.97518568108
58068.50168312955
58069.450753460995
58067.31309998989
58066.91227516168
58065.94157203668
58065.40606684519
58065.14660910974
58063.80112545473
58063.847169942404
58062.895418603475
58062.633879850444
58062.15425424414
58061.290897205945
58060.33257755659
58060.49749267381
58059.95623863177
58059.21555110651
58058.32168931892
58058.55924110752
58058.05518012328
58057.56842095291
58055.671155012125
58056.10163197252
58053.89310390562
58056.330698640864
58055.12704312348
58052.45611863379
58052.21854158246
58053.922550778094
58051.87490210691
58050.98636286126
58051.446525111154
58049.3661612015
58048.56068424111
58047.80267279709
58047.32260825081
58045.86558331649
58045.93727895109
58045.8105389804
58045.74332432296
58045.63296723423
58045.661779380556
58045.55295700283
58045.52990791734
58045.54085931184
58045.323331396525
58045.28847829931
58045.22746564268
58045.1712592209
58045.083856482415
58045.04307927445
58044.97544462409
58044.95667125606
58044.840383740906
58044.812572630355
58044.77812057902
58044.78082684923
58044.757818815684
58044.69290938258
58044.57332508084
58044.50476834075
58044.38237987571
58044.33028812146
58044.2380002021
58044.26997018998
58044.17341286883
58044.074690847316
58044.11979587712
58044.09182687449
58043.878956775465
58043.91592562652
58043.79876023141
58043.73941175728
58043.663197251415
58043.632585135405
58043.60830133387
58043.540998256874
58043.481968724736
58043.44793666633
58043.37527789006
58043.238309670574
58043.28873092664
58043.20359551839
58043.03202682902
58043.21302799111
58042.97718775263
135970.39831118635
99141.07607871867
90450.3463489036
86962.43150641673
83085.76503132579
79479.74807371665
75723.23390763946
72932.77860688663
70426.04170877123
68065.67706333367
66440.1640782892
65266.14476493027
64326.85001515764
63637.27405012126
62996.523443815684
62541.31108528699
62003.76295978173
61684.67817805174
61309.00106103476
61110.80209806993
60906.96580057599
60664.76581762834
60546.54314558913
60420.13353880356
60258.593522635405
60354.11136128234
60017.19720720493
59922.421312904204
59717.46567742017
59589.299445483026
59494.01927230699
59386.822952455535
59198.61480017179
59080.05806007478
58864.40049009701
58925.11138654507
58686.13827240805
58476.726935125305
58385.57770184923
58158.09693941997
58003.112362318105
57980.501111560225
57716.105374014754
57572.57044828719
57565.785730977164
57407.81932093775
57406.378634675624
57277.98327607114
57148.83370490602
57064.06819043048
56900.39761961904
56876.99155908953
56865.88515561843
56863.26012719786
56863.80836322757
56849.98064558913
56843.491243305376
56841.89526702708
56825.713735347614
56826.72110890764
56826.40023746969
56812.21590162692
56811.395268606
56803.55783271018
56788.094548933914
56785.58796799212
56778.305038020415
56768.03476309872
56764.0136797696
56756.97504042037
56752.144259675624
56740.66490090693
56732.627750479995
56735.81137265057
56721.487918098224
56715.14474282538
56714.84181897989
56703.371760054564
56701.697728248786
56709.46420744493
56680.12841362672
56681.195697756666
56660.03155946847
56664.85679504345
56655.71900578516
56651.778363732825
56645.71950630305
56639.4820571443
56651.41367408549
56621.75691251516
56612.34440051536
56618.99707899657
56623.669503460995
56615.87565998889
56590.349939369444
56593.81407102617
56579.51038929871
56572.34197845089
56575.785607821344
56558.579315506264
56549.099948842966
56548.23674022332
56546.39160393088
56547.371365324376
56545.67889488177
56544.98759284054
56544.420886595595
56544.039747751616
56543.483699221906
56543.2985012884
56541.750375783144
56541.30304858024
56540.57781237369
56539.91044045574
56540.94186729487
56538.34764361863
56538.97389728173
56537.37552735954
56536.33124178961
56536.08565960994
56538.81207369139
56534.59502261015
56534.98020349131
56534.21593952102
56533.374112646525
56532.5749640006
56532.31991303305
56531.54111509701
56531.53704463925
56530.8660854133
56530.64232391876
56529.89372757932
56530.879000985246
56527.45285974131
56527.32386507175
56528.5331573363
56526.86515700788
56526.7632155669
56524.613151778496
56523.75233680275
56524.027492168556
56522.87998623181
56522.71397534358
56523.622505305175
56521.17792226657
56520.64305653799
56519.8490393846
56520.77965213217
56519.7367307498
56517.92920750808
56516.456188106305
56516.35084882781
56516.36487595998
56516.26408397332
56516.173744442196
56516.128511519804
56516.15626894705
56516.038099358324
56515.96238063359
56515.89437020008
56515.83190809418
56515.85928973828
56515.709478577206
56515.77129648343
56515.58159546787
56515.52424906528
56515.506312525264
56515.471712055376
56515.32803815936
56515.29256454628
56515.23809809519
56515.185529506874
56515.08278913197
56515.02038070938
56515.00444308306
56515.045978173
56514.829757604086
56514.80276437449
56514.77903635307
56514.67321392482
56514.71024277486
56514.59286580436
56514.54419399252
56514.46922999192
56514.4217076344
56514.33181020109
56514.28597413096
56514.415808786376
56514.25313257882
56514.05563485246
56514.077581851256
56514.11810011621
56513.89124709478
56513.80277700586
56513.79295296079
56513.778041632984
56513.63527877425
56513.73877071544
56513.62394212308
56513.53471099434
137334.55250858932
101479.4045258185
91530.29530239491
87422.7294045574
83693.32351455133
79844.06043161379
76637.34453946039
73945.45831964935
71452.63868608528
69366.89665331952
67833.91376250505
66719.92521599637
65978.42858225545
65176.33650591148
64430.242016976554
63808.37770311237
63347.88665243533
63065.0079798656
62807.859892886016
62535.65240374899
62279.843074221906
62156.49227907741
62101.79759814571
61953.28483415016
61763.21331535469
61650.98040559317
61482.797102364595
61366.41924451799
61325.18766578668
61072.54155087914
61058.838119568514
60897.16926662288
60750.99395904911
60628.57227667745
60439.33491435934
60500.74142961803
60285.5780492118
60152.60588242724
59983.73191188359
59961.134470366815
59858.8241429618
59798.271678582256
59625.51055666431
59493.23458973323
59343.3778041633
59327.213365880154
59159.08341754244
59097.26249084226
59008.96344166835
58964.965241638034
58821.96852895109
58811.50651778496
58809.81382313561
58803.76918862419
58802.74130330436
58792.918556108525
58778.930454855494
58782.79451293452
58780.44670826597
58761.51106191896
58756.66008835641
58767.358007654606
58752.14850381467
58742.24596112066
58737.71724686742
58739.52574904002
58716.32548188662
58719.9901885863
58710.123117926436
58702.77357012934
58696.567527283754
58690.18663790925
58693.04956232316
58677.30666115097
58675.62964044816
58660.762271372274
58654.12872625303
58645.09692994644
58645.092171079224
58649.0608358175
58633.00367256973
58627.11138654507
58616.99086436439
58612.80794639248
58608.90405845796
58597.48465289006
58600.768444952504
58592.807014829224
58583.58709011217
58572.306746412694
58569.51551763339
58569.320340920574
58557.47960034358
58560.795242395914
58549.20904911075
58540.81273841704
58542.14919853982
58520.52272066997
58518.646523848016
58515.77154911075
58501.13220935226
58501.912136216655
58501.50138629244
58499.976098297295
58498.66264778699
58498.19277675323
58498.02337118533
58496.37204426031
58496.768296533955
58495.19487671787
58496.177439116815
58494.16673245503
58493.94785456245
58493.648184872676
58492.72219836297
58491.87477579325
58491.96053329628
58490.83290912995
58490.25798933913
58489.0059051637
58488.593153167945
58489.5135502981
58486.943386216655
58486.82116827506
58486.18768315481
58486.15004484135
58487.42164131973
58484.92732859236
58483.50384940885
58484.12141742876
58482.19055994847
58481.90342373181
58481.933742168556
58480.55626010509
58480.62512315582
58479.85888553456
58479.6057497979
58478.11619593775
58479.147995402185
58477.61005709378
58477.70642810226
58476.818711474334
58475.850877248384
58475.02604271928
58476.666882452504
58473.37325055578
58472.91412565683
58473.755864111765
58471.63702821847
58470.58023443816
58469.55537590946
58469.48918123484
58469.36411176233
58469.35424350748
58469.337696417744
58469.251882073564
58469.27436590542
58469.41173201294
58469.439906275264
58469.10772660671
58469.00592095291
58468.88531666835
58468.86029077405
58469.00478412995
58468.69210097514
58468.6058792694
58468.60410456245
58468.568332533345
58468.491713823765
58468.4316864137
58468.343876313666
58468.25148734337
58468.27071228274
58468.13197567199
58468.18755684115
58468.0347994139
58468.081835463825
58468.042561388436
58467.86481911883
58467.950017683914
58467.73056032741
58467.95434392684
58467.6806601152
58467.62755785166
58467.51690076799
58467.54231823464
58467.33710905922
58467.384817729384
58467.31263262934
58467.25047683407
58467.23711916431
58467.15621842159
58467.10011305073
58467.01607025566
58466.9788803557
58466.95215554264
58466.85275616411
58466.77361749697
58466.690061009496
58466.6667150869
137380.53511519806
98896.10321720898
89478.29518871261
85577.01333872271
81836.32974497271
78266.7342834226
74932.12828415522
72357.88028306892
69894.07936918957
67780.68739579123
66211.56118949575
65210.601110928656
64073.955127071546
63302.95291342462
62775.51981861358
62222.70180186439
61748.389380810426
61385.90076167138
61083.622975823564
60903.6539321443
60699.1175980194
60437.81560415825
60473.80067704123
60228.06250315784
60076.367607492924
60021.93580423909
59854.18769894402
59789.56461575384
59711.56987987571
59619.705963899556
59528.05638326091
59339.15537527789
59270.58304491714
59124.17749595796
59052.262280845796
58979.741145412285
58822.69079994442
58640.5160734135
58608.5104650869
58484.71302799111
58454.50101366714
58307.607628713624
58156.067839910065
58091.85217512126
57878.47382780922
57859.860173933914
57610.844893138645
57606.40354688763
57521.74595796281
57400.927615955945
57245.482372928454
57241.76301030719
57235.77331434418
57229.7455774429
57231.89872802142
57209.06345998383
57207.4915717209
57200.37735890764
57194.68672317098
57186.69884928254
57181.5750239996
57179.982328718674
57179.40767734438
57184.39914169867
57152.21839632175
57151.32712712207
57142.161990955945
57136.37358212914
57133.69922822352
57141.84770045978
57125.585710135405
57123.23726442502
57118.981657677345
57118.366622246365
57106.099288854086
57093.61413386722
57094.22860720241
57091.11250442098
57083.17918856104
57070.59640890259
57075.340541632984
57061.11312651577
57085.877662060426
57066.48228450889
57049.68463899555
57062.527640587105
57045.70251553658
57028.49600848828
57019.930854322454
57016.1940430477
57009.129124141065
57006.6602099333
57002.25384940885
56998.81149580639
56993.4194055679
56991.71583531225
56984.38990185429
56973.76637972413
56968.05344646827
56964.54401715339
56951.26039403547
56950.21440481002
56953.58986269705
56949.49037805679
56949.594100520415
56947.62276109034
56947.95352604588
56946.749213697454
56945.988499141065
56946.61757907235
56946.45161555174
56945.149504850444
56944.55437487369
56943.25367256973
56943.73631391471
56942.29103615097
56941.78178367522
56941.61581068108
56941.25905353173
56940.362360739186
56940.192742016974
56939.37165426688
56938.785554138034
56938.17489705436
56937.47578882882
56937.40806891673
56939.0772660671
56937.06555679062
56936.168511898744
56936.03698464026
56934.432305350645
56934.66754559923
56934.36700118735
56933.64346074171
56933.786087813256
56932.64530807902
56931.23092347918
56930.891913399355
56931.01307977971
56930.07504294664
56930.63179567502
56928.646700687146
56928.66495301132
56928.63965554264
56927.7158163652
56926.41477301435
56926.427540167744
56926.41330461803
56924.866145412285
56926.160039409864
56923.43786946746
56923.38072832458
56923.38601455133
56923.2549325485
56923.232473979384
56923.15850469887
56923.07135142987
56923.05002336803
56922.994034837306
56923.0762934519
56922.92772016471
56922.85426561237
56922.81644098626
56922.8750536833
56922.707583872274
56922.75668199272
56922.67549072858
56922.5908163652
56922.524135382984
56922.40441213622
56922.39447125101
56922.458247019
56922.26124823161
56922.19550512834
56922.261968219485
56922.14659963622
56922.03382995655
56922.204135509295
56922.020876490504
56921.880584642786
56922.125767355494
56921.86480332963
56921.72815405214
56921.68140852365
56921.791231937146
56921.581544942404
56921.6082729133
56921.5705935479
56921.44720720493
56921.342534231
56921.40467739491
56921.255911479384
56921.28065001011
56921.16104044564
56921.29365715946
56921.21038803557
56921.03937828416
56921.007045144506
56920.95703440784
56920.93078011318
136424.35588313296
97729.650431274
88743.5391493231
85084.45217231385
81532.03846263135
78115.62487686907
75063.90734554961
72414.7469162015
69970.52369954789
68157.3491061957
66672.14361329308
65491.76536610931
64740.48979276117
63925.54685368887
63535.79265618686
62890.280818252424
62444.51911449914
62112.56302646368
61853.34442011644
61598.46794570242
61393.4466787798
61290.60034934457
61183.14449652076
60954.756627759394
60778.028437721005
60778.28854392933
60692.574907809656
60577.38942210547
60401.13995014776
60378.43317305264
60310.85277802334
60034.815976870326
59953.08322467291
59904.85263437058
59980.7909733974
59642.154426714995
59507.96803962922
59443.654399089464
59310.2868840296
59215.310765116694
59172.044859125584
58977.531606763994
58925.23068738634
58883.785978701504
58700.16435769852
58677.19863703526
58506.51164455572
58518.90911674075
58377.32085159249
58306.52823171348
58110.86064380115
58103.544369759045
58093.63937632603
58093.33673311528
58085.82342234542
58064.139800180594
58059.03040702667
58059.305756213376
58046.51293466799
58034.17544579713
58031.02218566882
58020.82705155082
58024.89426999141
58006.743609820165
58001.1709712505
58010.199195860274
57991.209536490955
57979.266097791224
57978.52233642529
57998.52345644322
57966.8294881226
57955.482881642754
57951.2984196618
57946.18819853127
57945.41827578804
57934.08519318928
57922.91770907002
57924.974339828754
57912.47958710093
57915.43689144903
57901.170997297435
57891.87154444079
57885.61586226384
57887.04653717923
57874.874243849765
57866.53728894095
57860.88695830281
57861.02017847671
57860.18391104895
57853.747831001216
57837.52167183396
57827.885781849865
57822.844081506366
57835.542944281675
57813.82825918115
57817.36959644625
57801.68391025965
57794.90911042635
57792.501170533185
57806.85131229163
57771.79069003839
57771.22676692893
57770.20117463755
57769.74571093908
57768.65386552207
57768.48995141064
57767.32543032683
57766.63300903592
57765.41994121287
57765.16531748838
57764.34018078147
57764.628244815874
57763.35247611575
57763.77506503839
57762.250248629774
57761.967532108756
57760.6991327162
57761.11817412609
57761.41383202415
57758.66119812715
57758.03950450849
57758.579466811476
57758.065945298295
57756.25864047661
57756.88705262427
57757.35090027657
57754.05407184532
57753.66970521191
57753.114318391345
57752.568954902505
57752.15180860401
57752.832020199785
57750.42506930062
57750.92131459638
57749.78364868534
57748.80931280309
57748.48204024803
57747.47405962695
57747.690640628156
57746.88306034047
57745.44158068549
57745.23571523288
57744.30773893716
57743.63591129521
57743.98399297838
57744.315599584515
57742.02396080647
57741.355532683374
57741.49783494772
57741.39849827617
57738.879037273946
57738.834894833555
57738.76133120327
57738.69426115124
57738.700364025564
57738.59061016115
57738.59315486714
57738.521999393815
57738.51129805264
57738.361323389196
57738.312094299356
57738.23424555466
57738.209379420085
57738.09946453829
57738.12396443726
57738.073785423825
57738.00028256971
57737.96526839387
57737.815072331534
57737.771672623254
57737.84156205799
57737.81255367246
57737.614719356185
57737.59688352445
57737.490753340324
57737.522109106634
57737.367335888564
57737.37281442589
57737.240291599315
57737.20431368711
57737.11214465675
57737.04317554683
57737.014537343406
57736.98802709512
57736.850856075725
57736.891895774395
57736.7611717645
57736.64703175515
57736.679490174785
57736.68198989063
57736.55743742423
57736.473305844615
57736.47769514675
57736.42254669504
57736.40478663619
57736.47393570671
57736.17065631946
57736.16589841382
57736.07685935606
57736.249668493634
135129.0832002046
99199.6904930289
90497.26334470979
86790.5243404602
82880.99494847444
79048.07017831886
75694.81084720397
73013.74692093731
70499.93063071455
68526.74354194029
67040.7840678041
65715.92566601207
64815.97033649475
63998.06236266165
63406.49017951859
62963.1815084171
62521.104034590324
62229.89203074485
61905.39063447161
61616.81920590018
61422.67077787179
61217.98092654451
61084.269142913974
60922.228081114874
60849.30502137427
60761.18907465523
60671.753510020964
60512.60817999848
60404.215483873006
60264.50387704587
60349.27669336608
59967.605271424785
59928.24847980653
59674.621800174275
59618.018826404324
59460.89688494519
59489.42176765508
59243.84964765609
59134.62222087164
58971.832008360274
58872.35005019954
58616.53466293696
58456.35961336886
58244.73615803066
58145.780220751665
57974.99703143943
57892.16182325344
57912.54335392882
57663.91993253056
57612.15391209083
57507.166856230426
57472.62411756163
57438.28223662609
57433.9295043822
57415.63772353001
57396.825075141445
57380.2998775005
57381.542544895434
57375.93638550717
57356.7909694509
57350.1332687159
57335.18095195999
57331.597753334005
57324.865967240854
57319.81304185505
57299.89755900813
57290.372472658615
57296.032190846636
57287.907033775766
57289.631244948476
57261.89526608911
57271.36062683118
57250.27222276596
57250.20550553142
57233.603466293695
57230.88358443625
57230.25156991943
57208.37117268009
57213.71985896772
57209.0356148338
57191.59339955042
57196.6109165046
57178.8909904463
57179.604610779956
57157.030248377196
57153.72000419908
57167.75882359441
57135.21303072591
57144.51259724187
57135.96426440316
57115.30925281622
57113.33594539301
57113.48697337846
57106.610805213175
57092.736487169124
57090.25534514548
57074.21733241564
57067.52736190392
57060.19296669782
57057.22639950937
57042.36008221358
57041.71679805895
57040.35170930996
57040.19932846282
57039.883232408065
57038.269907746515
57037.76460048747
57037.42097046121
57035.85623989695
57035.744435428875
57035.59085010861
57033.923662766465
57033.92319076455
57032.92341097949
57032.95670921524
57032.24571251768
57031.019178432514
57029.93698853304
57029.24595088654
57029.62384209563
57028.21763550717
57028.64909577693
57026.26482701682
57025.628097216606
57025.44982809027
57024.71684936351
57024.191261807944
57023.14420290084
57022.44362102824
57022.53772937083
57021.64439154375
57021.11194022783
57021.52978979339
57019.66432139069
57018.338314874214
57018.064404583
57017.402063548194
57016.11556232951
57017.366354787584
57015.87972949081
57015.331853657306
57014.251456260106
57014.00861600829
57012.085613886644
57011.307592127196
57010.684227558595
57009.88154961861
57010.0845743774
57008.973380828196
57008.57786610931
57006.70741406092
57006.73435289958
57006.55940120479
57006.53313958628
57006.412221850376
57006.321149158925
57006.44551456102
57006.21605572148
57006.29089052081
57006.13070506668
57006.06201852647
57005.930897498234
57005.91276725727
57005.80225171752
57005.73160771115
57005.846076858965
57005.624947906144
57005.81901567867
57005.58274162078
57005.46101248358
57005.39977773288
57005.358054499644
57005.3490209512
57005.18814880531
57005.03856958161
57005.07120362068
57005.001823285005
57004.95342809153
57005.07258884371
57004.75343661598
57004.72560902455
57004.54747013286
57004.56943164023
57004.42443707062
57004.608135797636
57004.39715646469
57004.26552870529
57004.14335755961
57004.199714036295
57004.085000599865
57003.99077149424
57003.88492624772
57003.83649158921
57003.79752064811
57003.69080638134
57003.78054831153
57003.58883896999
57003.64210730703
57003.458770079815
57003.31897937083
