362.1843566894531
296.94287109375
266.6024475097656
253.61611938476562
247.50640869140625
242.5512237548828
238.12857055664062
234.2449951171875
231.2296142578125
228.81385803222656
226.87474060058594
225.65518188476562
224.6788330078125
223.936767578125
223.26058959960938
222.6424102783203
222.0576629638672
221.54702758789062
221.09840393066406
220.6614990234375
220.25497436523438
219.90325927734375
219.6194610595703
219.32415771484375
219.02218627929688
218.7392578125
218.47723388671875
218.22418212890625
217.98553466796875
217.76840209960938
217.5799102783203
217.40106201171875
217.22613525390625
216.97520446777344
216.71469116210938
216.47341918945312
216.2469482421875
215.98886108398438
215.70755004882812
215.43771362304688
215.1875
214.94192504882812
214.70375061035156
214.47006225585938
214.2397918701172
214.00625610351562
213.7822265625
213.57113647460938
213.3540496826172
213.13247680664062
212.955810546875
212.97412109375
212.9910125732422
213.00221252441406
213.00411987304688
213.00238037109375
212.99746704101562
212.99038696289062
212.98243713378906
212.97254943847656
212.96115112304688
212.94842529296875
212.93460083007812
212.91990661621094
212.90444946289062
212.888427734375
212.87188720703125
212.85504150390625
212.83799743652344
212.8206329345703
212.8030548095703
212.78564453125
212.76837158203125
212.7510223388672
212.73336791992188
212.71539306640625
212.6974334716797
212.6795196533203
212.6616668701172
212.64395141601562
212.62637329101562
212.60888671875
212.59140014648438
212.573974609375
212.55648803710938
212.53965759277344
212.52288818359375
212.50616455078125
212.48947143554688
212.47274780273438
212.4560546875
212.43936157226562
212.422607421875
212.40606689453125
212.38992309570312
212.37387084960938
212.35775756835938
212.34149169921875
212.32513427734375
212.309326171875
212.29251098632812
212.2913360595703
212.29019165039062
212.28903198242188
212.28790283203125
212.28675842285156
212.28562927246094
212.28448486328125
212.28334045410156
212.28219604492188
212.28103637695312
212.2799072265625
212.27871704101562
212.277587890625
212.27642822265625
212.27525329589844
212.2740478515625
212.27285766601562
212.2716522216797
212.27044677734375
212.2692413330078
212.26800537109375
212.2667694091797
212.26551818847656
212.26429748535156
212.26303100585938
212.2617950439453
212.2605438232422
212.25927734375
212.25802612304688
212.25674438476562
212.25546264648438
212.25421142578125
212.2529296875
212.2516326904297
212.2503662109375
212.24911499023438
212.24783325195312
212.24656677246094
212.24530029296875
212.2440185546875
212.24276733398438
212.2415008544922
212.24020385742188
212.2388916015625
212.23760986328125
212.236328125
212.2350311279297
212.2337188720703
212.23243713378906
212.23089599609375
212.23074340820312
212.2305908203125
212.23043823242188
212.2302703857422
212.23011779785156
212.22998046875
212.22982788085938
212.22967529296875
212.22950744628906
212.2293701171875
212.22921752929688
212.22906494140625
212.22891235351562
212.228759765625
212.22860717773438
212.22845458984375
212.22830200195312
212.2281494140625
212.22799682617188
212.22784423828125
212.2277069091797
212.22755432128906
212.22740173339844
212.22723388671875
212.2270965576172
212.22695922851562
212.226806640625
212.22662353515625
212.2264862060547
212.22634887695312
212.22618103027344
212.2260284423828
212.2258758544922
212.22572326660156
212.2255859375
212.22543334960938
212.22528076171875
212.22512817382812
212.2249755859375
212.22482299804688
212.22467041015625
212.22451782226562
212.224365234375
212.22422790527344
212.2240753173828
212.22390747070312
212.22377014160156
212.2236328125
212.2234649658203
212.22329711914062
212.22329711914062
212.22329711914062
212.22329711914062
212.2232666015625
212.2232666015625
212.22325134277344
212.22323608398438
212.22323608398438
212.22323608398438
212.22323608398438
212.22320556640625
212.22320556640625
212.22320556640625
212.22320556640625
212.2231903076172
212.22317504882812
212.22317504882812
212.22317504882812
212.22315979003906
212.22314453125
212.22314453125
212.22314453125
212.22312927246094
212.22311401367188
212.22311401367188
212.22311401367188
212.2230987548828
212.2230682373047
212.22308349609375
212.22305297851562
212.22305297851562
212.22305297851562
212.22305297851562
212.2230224609375
212.2230224609375
212.2230224609375
212.22299194335938
212.22299194335938
212.22299194335938
212.22299194335938
212.2229766845703
212.22296142578125
212.22296142578125
212.2229461669922
212.22293090820312
212.22293090820312
212.22293090820312
212.22291564941406
212.222900390625
212.222900390625
212.222900390625
212.222900390625
212.222900390625
212.222900390625
212.222900390625
212.222900390625
212.222900390625
212.222900390625
212.222900390625
212.222900390625
212.222900390625
212.222900390625
212.222900390625
212.222900390625
212.222900390625
212.222900390625
212.222900390625
212.222900390625
212.222900390625
212.222900390625
212.222900390625
212.222900390625
212.222900390625
212.222900390625
212.222900390625
212.222900390625
212.222900390625
212.222900390625
212.222900390625
212.222900390625
212.222900390625
212.222900390625
212.222900390625
212.222900390625
212.222900390625
212.222900390625
212.22291564941406
212.22291564941406
212.22291564941406
212.22291564941406
212.22291564941406
212.22291564941406
212.222900390625
212.222900390625
212.222900390625
212.222900390625
212.222900390625
212.222900390625
212.222900390625
