144343.453125
100938.46875
83242.859375
76227.6171875
72579.6875
69857.671875
67783.984375
66216.375
65122.26953125
64354.796875
63622.953125
63242.83984375
63009.5859375
62951.1484375
62938.04296875
62975.3203125
63023.60546875
63115.37890625
63203.62109375
63291.0859375
63382.5625
63469.97265625
63583.71484375
63687.71484375
63776.2890625
63857.5546875
63937.6953125
64007.6796875
64070.484375
64126.265625
64178.328125
64226.171875
64269.16015625
64134.203125
63975.9296875
63832.94921875
63689.7421875
63509.98046875
63317.4609375
63129.7109375
62943.72265625
62758.578125
62583.29296875
62415.5234375
62249.578125
62078.42578125
61919.32421875
61777.5390625
61618.86328125
61460.1328125
61400.92578125
61392.24609375
61385.3046875
61377.765625
61362.859375
61348.01953125
61333.23828125
61318.734375
61304.96875
61291.38671875
61278.1171875
61264.91796875
61251.73828125
61238.71484375
61225.65625
61212.58984375
61199.77734375
61187.1953125
61174.625
61162.1484375
61149.9375
61138.0625
61126.375
61114.77734375
61103.3203125
61091.87109375
61080.51953125
61069.2890625
61058.2265625
61047.3515625
61036.6484375
61026.046875
61015.49609375
61005.03125
60994.61328125
60984.2734375
60973.984375
60963.7265625
60953.6796875
60943.6796875
60933.78125
60924.0078125
60914.2890625
60904.265625
60894.484375
60884.79296875
60875.1484375
60865.53125
60855.92578125
60846.6328125
60842.84765625
60841.96875
60841.1171875
60840.2578125
60839.40625
60838.546875
60837.703125
60836.8515625
60836.0078125
60835.15625
60834.3125
60833.4765625
60832.625
60831.78125
60830.9375
60830.10546875
60829.2578125
60828.41015625
60827.56640625
60826.71484375
60825.87109375
60825.015625
60824.171875
60823.3125
60822.46875
60821.62109375
60820.76953125
60819.92578125
60819.078125
60818.23046875
60817.37890625
60816.53515625
60815.6875
60814.84375
60813.98828125
60813.15625
60812.3125
60811.453125
60810.6171875
60809.765625
60808.921875
60808.08203125
60807.25
60806.40625
60805.578125
60804.75
60803.9140625
60803.0859375
60802.2421875
60801.4296875
60801.1171875
60801.03125
60800.93359375
60800.84375
60800.75390625
60800.66015625
60800.5703125
60800.48046875
60800.390625
60800.296875
60800.20703125
60800.1171875
60800.03515625
60799.94140625
60799.85546875
60799.76171875
60799.671875
60799.5859375
60799.484375
60799.3984375
60799.3046875
60799.22265625
60799.12890625
60799.04296875
60798.9453125
60798.859375
60798.765625
60798.67578125
60798.58203125
60798.4921875
60798.40625
60798.3125
60798.2265625
60798.13671875
60798.046875
60797.96484375
60797.87109375
60797.7734375
60797.68359375
60797.59765625
60797.5078125
60797.4140625
60797.3203125
60797.234375
60797.1484375
60797.05859375
60796.9609375
60796.8828125
60796.7890625
60796.6953125
60796.66015625
60796.65625
60796.66015625
60796.6640625
60796.65234375
60796.6484375
60796.6484375
60796.6484375
60796.6484375
60796.640625
60796.640625
60796.63671875
60796.640625
60796.640625
60796.6328125
60796.6328125
60796.6328125
60796.62890625
60796.625
60796.625
60796.61328125
60796.6171875
60796.6171875
60796.61328125
60796.61328125
60796.609375
60796.61328125
60796.609375
60796.60546875
60796.609375
60796.6015625
60796.6015625
60796.59765625
60796.59375
60796.59375
60796.58984375
60796.59375
60796.5859375
60796.5859375
60796.5859375
60796.5859375
60796.578125
60796.5703125
60796.57421875
60796.57421875
60796.5703125
60796.5703125
60796.5625
60796.56640625
60796.5625
60796.5625
60796.5625
60796.5625
60796.5625
60796.5625
60796.55859375
60796.55859375
60796.55859375
60796.55859375
60796.55859375
60796.55859375
60796.55859375
60796.55859375
60796.55859375
60796.55859375
60796.5625
60796.5625
60796.5625
60796.5625
60796.5625
60796.5625
60796.5625
60796.5625
60796.5625
60796.5625
60796.5625
60796.5625
60796.5625
60796.5625
60796.5625
60796.5625
60796.5625
60796.5625
60796.5625
60796.5625
60796.5625
60796.5625
60796.5625
60796.5625
60796.5625
60796.5625
60796.5625
60796.5625
60796.5625
60796.5625
60796.5625
60796.5625
60796.5625
60796.5625
60796.5625
