-22.667282104492188
-15.702753067016602
-12.938488006591797
-11.840495109558105
-11.25540828704834
-10.820279121398926
-10.493350982666016
-10.252488136291504
-10.086103439331055
-9.973657608032227
-9.874015808105469
-9.829242706298828
-9.806365966796875
-9.810176849365234
-9.821063995361328
-9.83958625793457
-9.859487533569336
-9.885757446289062
-9.911221504211426
-9.936071395874023
-9.960925102233887
-9.98423957824707
-10.01095199584961
-10.035728454589844
-10.057588577270508
-10.0777006149292
-10.09709358215332
-10.114347457885742
-10.129929542541504
-10.143906593322754
-10.156936645507812
-10.168912887573242
-10.179810523986816
-10.156250953674316
-10.128218650817871
-10.103039741516113
-10.077777862548828
-10.046087265014648
-10.012249946594238
-9.979318618774414
-9.94648265838623
-9.913691520690918
-9.882680892944336
-9.85306453704834
-9.823709487915039
-9.79330825805664
-9.765121459960938
-9.74018669128418
-9.711938858032227
-9.683757781982422
-9.6747407913208
-9.672883987426758
-9.671338081359863
-9.669745445251465
-9.66678524017334
-9.663883209228516
-9.661033630371094
-9.658269882202148
-9.655677795410156
-9.653146743774414
-9.650693893432617
-9.648271560668945
-9.645868301391602
-9.64350414276123
-9.641144752502441
-9.638789176940918
-9.636488914489746
-9.634236335754395
-9.63198184967041
-9.629749298095703
-9.627572059631348
-9.625462532043457
-9.623390197753906
-9.621336936950684
-9.619312286376953
-9.617294311523438
-9.615296363830566
-9.613321304321289
-9.611379623413086
-9.609472274780273
-9.607596397399902
-9.60573959350586
-9.60389232635498
-9.60206127166748
-9.600239753723145
-9.598430633544922
-9.596630096435547
-9.594837188720703
-9.593083381652832
-9.591339111328125
-9.589613914489746
-9.587912559509277
-9.586223602294922
-9.584474563598633
-9.582769393920898
-9.581083297729492
-9.579404830932617
-9.577733039855957
-9.576066970825195
-9.574460983276367
-9.573917388916016
-9.573762893676758
-9.573612213134766
-9.57345962524414
-9.573308944702148
-9.57315731048584
-9.57300853729248
-9.572857856750488
-9.572708129882812
-9.57255744934082
-9.572408676147461
-9.572261810302734
-9.572111129760742
-9.571962356567383
-9.571813583374023
-9.571666717529297
-9.571517944335938
-9.571369171142578
-9.571220397949219
-9.571070671081543
-9.5709228515625
-9.570772171020508
-9.570623397827148
-9.570472717285156
-9.570324897766113
-9.570176124572754
-9.570026397705078
-9.569879531860352
-9.569730758666992
-9.569581985473633
-9.569433212280273
-9.56928539276123
-9.569137573242188
-9.568988800048828
-9.568840026855469
-9.568695068359375
-9.568547248840332
-9.56839656829834
-9.56825065612793
-9.568099975585938
-9.567953109741211
-9.567806243896484
-9.56766128540039
-9.567514419555664
-9.56736946105957
-9.567224502563477
-9.567079544067383
-9.566934585571289
-9.566787719726562
-9.566646575927734
-9.566601753234863
-9.5665864944458
-9.566570281982422
-9.566554069519043
-9.566537857055664
-9.566522598266602
-9.566507339477539
-9.566490173339844
-9.566474914550781
-9.566459655761719
-9.56644344329834
-9.566427230834961
-9.566413879394531
-9.566397666931152
-9.56638240814209
-9.566366195678711
-9.566350936889648
-9.566335678100586
-9.566317558288574
-9.566303253173828
-9.56628704071045
-9.566272735595703
-9.566256523132324
-9.566241264343262
-9.566224098205566
-9.56620979309082
-9.566192626953125
-9.566177368164062
-9.566161155700684
-9.566145896911621
-9.566130638122559
-9.56611442565918
-9.566099166870117
-9.566083908081055
-9.566067695617676
-9.566054344177246
-9.566038131713867
-9.566020965576172
-9.56600570678711
-9.565990447998047
-9.565975189208984
-9.565958023071289
-9.56594181060791
-9.565927505493164
-9.565912246704102
-9.565896987915039
-9.565879821777344
-9.565866470336914
-9.565849304199219
-9.56583309173584
-9.565828323364258
-9.565828323364258
-9.565828323364258
-9.565829277038574
-9.565827369689941
-9.565826416015625
-9.565827369689941
-9.565826416015625
-9.565826416015625
-9.565825462341309
-9.565825462341309
-9.565825462341309
-9.565825462341309
-9.565825462341309
-9.565824508666992
-9.565824508666992
-9.565824508666992
-9.565824508666992
-9.565823554992676
-9.565823554992676
-9.565821647644043
-9.56582260131836
-9.56582260131836
-9.565821647644043
-9.565821647644043
-9.565821647644043
-9.565821647644043
-9.565820693969727
-9.565820693969727
-9.565820693969727
-9.56581974029541
-9.565820693969727
-9.56581974029541
-9.565818786621094
-9.565818786621094
-9.565818786621094
-9.565818786621094
-9.565817832946777
-9.565817832946777
-9.565817832946777
-9.565817832946777
-9.565816879272461
-9.565814971923828
-9.565815925598145
-9.565815925598145
-9.565815925598145
-9.565814971923828
-9.565814018249512
-9.565814971923828
-9.565813064575195
-9.565814018249512
-9.565814018249512
-9.565814018249512
-9.565814018249512
-9.565814018249512
-9.565813064575195
-9.565813064575195
-9.565813064575195
-9.565813064575195
-9.565813064575195
-9.565813064575195
-9.565813064575195
-9.565813064575195
-9.565813064575195
-9.565813064575195
-9.565814018249512
-9.565814018249512
-9.565814018249512
-9.565814018249512
-9.565814018249512
-9.565814018249512
-9.565814018249512
-9.565814018249512
-9.565814018249512
-9.565814018249512
-9.565814018249512
-9.565814018249512
-9.565814018249512
-9.565814018249512
-9.565814018249512
-9.565814018249512
-9.565814018249512
-9.565814018249512
-9.565814018249512
-9.565814018249512
-9.565814018249512
-9.565814018249512
-9.565814018249512
-9.565814018249512
-9.565814018249512
-9.565814018249512
-9.565814018249512
-9.565814018249512
-9.565814018249512
-9.565814971923828
-9.565814971923828
-9.565814971923828
-9.565814971923828
-9.565814971923828
-9.565814971923828
