0.7331873791694641
0.3326006403764089
0.26379535403251647
0.23803875416914622
0.21450684847831725
0.20060651249885558
0.18645254456996918
0.17813753915627797
0.16989981830914816
0.16448840018312136
0.1560055998802185
0.1581725770632426
0.1536686951915423
0.1413026584506035
0.1466136699795723
0.14404163056810698
0.13577591252326965
0.13745561711390814
0.13387812730073928
0.13171243185997009
0.12999920107920965
0.1325452405333519
0.1279404538234075
0.1314992238998413
0.12565607452789943
0.12424011534452438
0.12196671157677969
0.12374996401468913
0.11997965356508891
0.12119089130957922
0.12036723922888438
0.12231891953547795
0.11648418921232223
0.11690722490946452
0.11317659606933594
0.11493175887664159
0.11249933480421702
0.11286111187934876
0.11244920705159506
0.11281362661918004
0.11210139946540197
0.11223552488883336
0.10825108055671057
0.1121247346719106
0.10835336586833
0.10627725908756257
0.10951305179993312
0.10892229747374853
0.10637185933987299
0.10660164109865825
0.10257778859337172
0.09400396400690078
0.09429676878253619
0.09580663199226061
0.09533147163788477
0.09116282447576522
0.09130905216534932
0.09460112044413885
0.09295649653673171
0.09092734141349793
0.09193284540375074
0.08933443809946379
0.09034664642413458
0.08976404513120652
0.09082465270956357
0.0889290015121301
0.0885717689216137
0.08994562430977822
0.0891835331082344
0.08895816951990128
0.08754833255410194
0.08593534720738728
0.08797592024405797
0.08669741799632709
0.0874899563550949
0.08855458595752716
0.0889474728445212
0.08750283872485161
0.08790418099363645
0.08507111613750458
0.08849183276891709
0.08796296930909157
0.08646685315966607
0.08682062960763773
0.08631485029260318
0.08557963436643283
0.0862097983121872
0.08464482377370199
0.08415324646631876
0.08821163943608602
0.08509610397915045
0.08768546394109726
0.08530394056638081
0.08712801437973976
0.08478428331216176
0.08582262603839239
0.09042869464159012
0.08653475706775983
0.08693446712394555
0.08341999737421671
