0.84375
0.9908854166666666
0.984375
0.984375
0.9921875
0.9908854166666666
0.9921875
0.9947916666666666
0.9947916666666666
0.9934895833333334
0.9934895833333334
0.99609375
0.9908854166666666
0.9921875
1.0
0.99609375
0.99609375
0.9986979166666666
0.9947916666666666
0.9908854166666666
0.99609375
0.99609375
0.9934895833333334
0.9921875
0.9934895833333334
0.9934895833333334
0.99609375
0.9986979166666666
1.0
0.99609375
0.9986979166666666
0.99609375
0.9986979166666666
0.9934895833333334
0.9973958333333334
0.9973958333333334
0.9986979166666666
0.9934895833333334
0.99609375
0.9986979166666666
0.9973958333333334
0.99609375
0.99609375
1.0
1.0
0.9973958333333334
0.9947916666666666
0.9895833333333334
0.9973958333333334
0.9973958333333334
0.9973958333333334
1.0
0.9973958333333334
0.9986979166666666
0.99609375
0.99609375
1.0
0.99609375
0.9986979166666666
0.9973958333333334
0.9973958333333334
0.9986979166666666
0.9986979166666666
0.9986979166666666
0.99609375
0.9986979166666666
1.0
0.9986979166666666
0.9986979166666666
0.9973958333333334
0.9986979166666666
1.0
0.9947916666666666
0.9908854166666666
0.99609375
0.9973958333333334
0.9986979166666666
0.9947916666666666
0.9908854166666666
0.9973958333333334
0.9986979166666666
0.9973958333333334
0.9947916666666666
0.9947916666666666
0.9947916666666666
0.9986979166666666
0.99609375
0.9986979166666666
0.99609375
0.99609375
0.9947916666666666
0.9973958333333334
0.9973958333333334
0.9986979166666666
0.9973958333333334
0.9973958333333334
0.9934895833333334
0.99609375
0.9986979166666666
1.0
