0.7005208333333334
0.8997395833333334
0.91796875
0.9231770833333334
0.94140625
0.9361979166666666
0.9622395833333334
0.9557291666666666
0.9505208333333334
0.9596354166666666
0.9544270833333334
0.94921875
0.9544270833333334
0.9518229166666666
0.9583333333333334
0.953125
0.9661458333333334
0.9609375
0.9609375
0.9518229166666666
0.9583333333333334
0.9609375
0.953125
0.9453125
0.9583333333333334
0.95703125
0.9661458333333334
0.9700520833333334
0.9739583333333334
0.9674479166666666
0.9557291666666666
0.9739583333333334
0.9674479166666666
0.9596354166666666
0.96875
0.96484375
0.9778645833333334
0.9661458333333334
0.9635416666666666
0.9713541666666666
0.9596354166666666
0.9635416666666666
0.9596354166666666
0.97265625
0.9752604166666666
0.9739583333333334
0.9661458333333334
0.9713541666666666
0.9765625
0.9622395833333334
0.9635416666666666
0.96875
0.9778645833333334
0.96875
0.9713541666666666
0.9635416666666666
0.9713541666666666
0.97265625
0.9622395833333334
0.96875
0.9713541666666666
0.97265625
0.9765625
0.9752604166666666
0.9778645833333334
0.96484375
0.98046875
0.9752604166666666
0.96875
0.9765625
0.9635416666666666
0.9765625
0.9739583333333334
0.9635416666666666
0.9674479166666666
0.9739583333333334
0.9778645833333334
0.9713541666666666
0.96484375
0.9752604166666666
0.9700520833333334
0.9817708333333334
0.96875
0.9752604166666666
0.97265625
0.9830729166666666
0.9752604166666666
0.97265625
0.97265625
0.9700520833333334
0.9635416666666666
0.9752604166666666
0.9739583333333334
0.9661458333333334
0.9700520833333334
0.9765625
0.96875
0.9700520833333334
0.9739583333333334
0.9791666666666666
